0.03 0.03 0.05 1/137 11242
0.03 0.02 0.05 1/136 11244
0.02 0.02 0.05 1/136 11246
0.02 0.02 0.05 1/136 11248
0.02 0.02 0.05 1/136 11250
0.01 0.02 0.05 1/135 11252
0.01 0.02 0.05 1/135 11254
0.01 0.02 0.05 1/135 11256
0.01 0.02 0.05 1/147 11277
0.01 0.02 0.05 1/147 11279
0.01 0.02 0.05 1/147 11281
0.01 0.02 0.05 1/146 11285
0.00 0.01 0.05 1/146 11287
0.00 0.01 0.05 1/146 11289
0.00 0.01 0.05 2/146 11293
0.00 0.01 0.05 1/145 11295
0.00 0.01 0.05 1/145 11297
0.00 0.01 0.05 1/145 11299
0.00 0.01 0.05 1/140 11301
0.00 0.01 0.05 1/138 11303
0.00 0.01 0.05 1/137 11305
0.00 0.01 0.05 1/137 11307
0.00 0.01 0.05 1/137 11309
0.00 0.01 0.05 1/137 11311
0.00 0.01 0.05 1/137 11313
0.00 0.01 0.05 1/138 11325
0.00 0.01 0.05 1/138 11327
0.00 0.01 0.05 1/138 11329
0.00 0.01 0.05 1/137 11331
0.00 0.01 0.05 1/137 11333
0.00 0.01 0.05 1/137 11335
0.00 0.01 0.05 1/136 11337
0.00 0.01 0.05 1/136 11339
0.00 0.01 0.05 1/136 11341
0.00 0.01 0.05 1/136 11343
0.00 0.01 0.05 1/136 11345
0.00 0.01 0.05 1/136 11347
0.00 0.01 0.05 1/136 11349
0.00 0.01 0.05 1/136 11351
0.00 0.01 0.05 1/136 11353
0.00 0.01 0.05 1/136 11355
0.00 0.01 0.05 1/136 11357
0.00 0.01 0.05 1/136 11359
0.00 0.01 0.05 1/137 11365
0.00 0.01 0.05 1/137 11367
0.00 0.01 0.05 1/140 11372
0.00 0.01 0.05 1/140 11374
0.00 0.01 0.05 1/140 11376
0.00 0.01 0.05 1/140 11378
0.00 0.01 0.05 1/140 11380
0.00 0.01 0.05 1/140 11382
0.00 0.01 0.05 1/139 11392
0.00 0.01 0.05 1/139 11394
0.00 0.01 0.05 1/139 11396
0.00 0.01 0.05 1/139 11398
0.00 0.01 0.05 1/137 11400
0.00 0.01 0.05 1/140 11406
0.00 0.01 0.05 1/140 11408
0.08 0.03 0.05 1/140 11412
0.06 0.03 0.05 1/140 11414
0.05 0.03 0.05 1/140 11416
0.05 0.03 0.05 1/140 11418
0.04 0.03 0.05 1/140 11420
0.03 0.03 0.05 1/147 11431
0.03 0.02 0.05 1/147 11433
0.02 0.02 0.05 1/147 11435
0.02 0.02 0.05 1/146 11437
0.02 0.02 0.05 1/146 11439
0.01 0.02 0.05 1/146 11441
0.01 0.02 0.05 1/143 11443
0.01 0.02 0.05 1/143 11445
0.01 0.02 0.05 1/143 11447
0.01 0.02 0.05 1/143 11449
0.01 0.02 0.05 1/138 11451
0.01 0.02 0.05 1/136 11453
0.00 0.01 0.05 1/136 11455
0.00 0.01 0.05 1/137 11472
0.00 0.01 0.05 1/137 11476
0.00 0.01 0.05 1/137 11478
0.00 0.01 0.05 1/137 11480
0.16 0.05 0.06 1/137 11484
0.14 0.05 0.06 1/137 11486
0.12 0.04 0.05 1/137 11488
0.10 0.04 0.05 1/136 11490
0.08 0.04 0.05 1/136 11492
0.07 0.04 0.05 1/136 11494
0.06 0.04 0.05 1/135 11496
0.05 0.04 0.05 1/135 11498
0.04 0.04 0.05 1/135 11500
0.04 0.04 0.05 1/135 11502
0.03 0.04 0.05 1/135 11504
0.03 0.04 0.05 1/135 11506
0.02 0.03 0.05 1/135 11508
0.02 0.03 0.05 1/135 11510
0.02 0.03 0.05 1/136 11526
0.01 0.03 0.05 1/139 11531
0.01 0.03 0.05 1/139 11533
0.01 0.03 0.05 1/139 11535
0.01 0.03 0.05 1/139 11537
0.01 0.03 0.05 1/139 11542
0.01 0.03 0.05 1/139 11544
0.00 0.03 0.05 1/138 11546
0.00 0.02 0.05 1/138 11548
0.00 0.02 0.05 1/138 11550
0.00 0.02 0.05 1/138 11552
0.00 0.02 0.05 1/136 11554
0.00 0.02 0.05 1/136 11556
0.00 0.02 0.05 1/136 11558
0.00 0.02 0.05 1/136 11560
0.00 0.02 0.05 1/136 11562
0.00 0.02 0.05 1/136 11564
0.00 0.02 0.05 1/136 11566
0.00 0.01 0.05 1/137 11572
0.00 0.01 0.05 1/137 11574
0.00 0.01 0.05 1/137 11576
0.00 0.01 0.05 1/136 11578
0.00 0.01 0.05 1/136 11580
0.00 0.01 0.05 1/136 11582
0.00 0.01 0.05 1/135 11584
0.00 0.01 0.05 1/135 11586
0.00 0.01 0.05 1/135 11588
0.00 0.01 0.05 1/135 11590
0.00 0.01 0.05 1/135 11592
0.00 0.01 0.05 1/135 11594
0.00 0.01 0.05 1/135 11596
0.00 0.01 0.05 1/135 11598
0.00 0.01 0.05 1/135 11600
0.00 0.01 0.05 1/135 11602
0.00 0.01 0.05 1/135 11604
0.00 0.01 0.05 1/135 11606
0.00 0.01 0.05 1/136 11612
0.00 0.01 0.05 1/136 11614
0.00 0.01 0.05 1/136 11616
0.00 0.01 0.05 1/136 11618
0.00 0.01 0.05 1/136 11620
0.00 0.01 0.05 1/136 11622
0.00 0.01 0.05 1/135 11624
0.00 0.01 0.05 1/135 11627
0.00 0.01 0.05 1/135 11629
0.00 0.01 0.05 1/135 11631
0.00 0.01 0.05 1/135 11633
0.00 0.01 0.05 1/135 11638
0.00 0.01 0.05 1/135 11640
0.00 0.01 0.05 1/135 11642
0.00 0.01 0.05 1/135 11644
0.00 0.01 0.05 1/135 11646
0.00 0.01 0.05 1/135 11648
0.00 0.01 0.05 1/135 11650
0.08 0.03 0.05 1/136 11656
0.07 0.03 0.05 1/136 11658
0.06 0.03 0.05 1/136 11660
0.05 0.03 0.05 1/136 11662
0.04 0.03 0.05 1/136 11664
0.04 0.03 0.05 1/136 11670
0.03 0.03 0.05 1/135 11672
0.03 0.02 0.05 1/135 11674
0.02 0.02 0.05 1/135 11676
0.02 0.02 0.05 1/135 11678
0.02 0.02 0.05 1/135 11680
0.01 0.02 0.05 1/135 11682
0.01 0.02 0.05 1/135 11684
0.01 0.02 0.05 1/135 11686
0.01 0.02 0.05 1/135 11688
0.01 0.02 0.05 1/135 11690
0.01 0.02 0.05 1/135 11692
0.00 0.01 0.05 1/135 11694
0.00 0.01 0.05 2/138 11699
0.00 0.01 0.05 1/136 11702
0.00 0.01 0.05 1/136 11704
0.00 0.01 0.05 1/136 11706
0.00 0.01 0.05 1/136 11708
0.00 0.01 0.05 1/136 11710
0.00 0.01 0.05 1/136 11712
0.00 0.01 0.05 1/135 11714
0.00 0.01 0.05 1/135 11716
0.00 0.01 0.05 1/135 11718
0.00 0.01 0.05 1/135 11720
0.00 0.01 0.05 1/135 11722
0.00 0.01 0.05 1/135 11724
0.00 0.01 0.05 1/135 11726
0.00 0.01 0.05 1/135 11728
0.00 0.01 0.05 1/135 11730
0.00 0.01 0.05 1/135 11732
0.00 0.01 0.05 1/135 11734
0.00 0.01 0.05 1/135 11736
0.00 0.01 0.05 1/136 11742
0.00 0.01 0.05 1/136 11744
0.00 0.01 0.05 1/136 11746
0.00 0.01 0.05 1/136 11748
0.00 0.01 0.05 1/136 11750
0.16 0.05 0.06 1/136 11760
0.36 0.10 0.07 2/138 11780
0.30 0.09 0.07 2/138 11792
0.26 0.09 0.07 1/137 11800
0.22 0.09 0.07 1/137 11810
0.18 0.08 0.07 1/137 11812
0.16 0.08 0.07 1/137 11814
0.13 0.08 0.07 1/136 11816
0.11 0.07 0.06 1/136 11818
0.09 0.07 0.06 1/136 11820
0.08 0.07 0.06 1/135 11822
0.07 0.07 0.06 1/135 11824
0.06 0.07 0.06 1/135 11826
0.05 0.06 0.06 1/135 11828
0.04 0.06 0.06 1/135 11830
0.04 0.06 0.06 1/135 11832
0.03 0.06 0.06 1/135 11834
0.03 0.06 0.06 1/135 11836
0.10 0.07 0.06 1/135 11838
0.08 0.07 0.06 1/135 11840
0.07 0.07 0.06 1/135 11842
0.06 0.07 0.06 1/135 11844
0.05 0.06 0.06 1/135 11846
0.04 0.06 0.06 1/135 11848
0.04 0.06 0.05 1/135 11850
0.03 0.06 0.05 1/135 11852
0.03 0.06 0.05 1/135 11854
0.02 0.05 0.05 1/135 11856
0.02 0.05 0.05 1/135 11858
0.02 0.05 0.05 1/135 11860
0.01 0.05 0.05 1/135 11862
0.01 0.05 0.05 1/135 11864
0.01 0.04 0.05 1/135 11866
0.01 0.04 0.05 1/135 11868
0.01 0.04 0.05 1/135 11870
0.01 0.04 0.05 1/135 11872
0.00 0.04 0.05 1/135 11874
0.00 0.04 0.05 1/135 11876
0.00 0.04 0.05 1/137 11882
0.00 0.04 0.05 1/137 11884
0.00 0.04 0.05 1/139 11888
0.16 0.07 0.06 1/142 11894
0.13 0.07 0.05 1/135 11898
0.11 0.06 0.05 1/135 11900
0.09 0.06 0.05 1/134 11903
0.08 0.06 0.05 1/134 11905
0.07 0.06 0.05 1/134 11907
0.06 0.06 0.05 1/134 11909
0.05 0.05 0.05 1/134 11911
0.04 0.05 0.05 1/134 11913
0.04 0.05 0.05 1/134 11915
0.03 0.05 0.05 1/134 11917
0.03 0.05 0.05 1/134 11919
0.02 0.04 0.05 1/134 11921
0.02 0.04 0.05 1/134 11923
0.02 0.04 0.05 1/134 11925
0.01 0.04 0.05 1/134 11927
0.01 0.04 0.05 1/134 11929
0.01 0.04 0.05 1/134 11931
0.01 0.04 0.05 1/134 11933
0.01 0.04 0.05 1/134 11935
0.01 0.04 0.05 1/134 11937
0.00 0.04 0.05 1/134 11939
0.00 0.03 0.05 1/134 11941
0.00 0.03 0.05 1/134 11943
0.00 0.03 0.05 1/134 11945
0.00 0.03 0.05 1/134 11947
0.00 0.03 0.05 1/134 11949
0.00 0.03 0.05 1/134 11951
0.00 0.03 0.05 1/134 11953
0.00 0.03 0.05 1/134 11955
0.00 0.03 0.05 1/134 11957
0.00 0.03 0.05 1/134 11959
0.00 0.02 0.05 1/134 11961
0.00 0.02 0.05 1/134 11963
0.00 0.02 0.05 1/134 11965
0.00 0.02 0.05 1/134 11967
0.00 0.02 0.05 1/134 11969
0.00 0.02 0.05 1/134 11971
0.00 0.02 0.05 1/134 11973
0.00 0.02 0.05 1/134 11975
0.00 0.02 0.05 1/134 11977
0.00 0.02 0.05 1/134 11979
0.00 0.01 0.05 1/134 11981
0.00 0.01 0.05 1/134 11983
0.00 0.01 0.05 2/134 11985
0.00 0.01 0.05 1/134 11987
0.00 0.01 0.05 1/134 11989
0.00 0.01 0.05 1/134 11991
0.00 0.01 0.05 1/134 11993
0.00 0.01 0.05 1/134 11995
0.00 0.01 0.05 1/134 11997
0.00 0.01 0.05 1/134 11999
0.00 0.01 0.05 1/134 12001
0.00 0.01 0.05 1/134 12003
0.00 0.01 0.05 1/134 12005
0.00 0.01 0.05 1/134 12007
0.00 0.01 0.05 1/134 12009
0.00 0.01 0.05 1/134 12011
0.00 0.01 0.05 1/134 12013
0.00 0.01 0.05 1/134 12015
0.00 0.01 0.05 1/134 12017
0.00 0.01 0.05 1/134 12019
0.00 0.01 0.05 1/134 12021
0.00 0.01 0.05 1/134 12023
0.00 0.01 0.05 1/134 12025
0.00 0.01 0.05 1/134 12027
0.00 0.01 0.05 1/134 12029
0.00 0.01 0.05 1/134 12031
0.00 0.01 0.05 1/134 12033
0.00 0.01 0.05 1/134 12035
0.00 0.01 0.05 1/134 12037
0.00 0.01 0.05 1/134 12039
0.00 0.01 0.05 1/134 12041
0.00 0.01 0.05 1/134 12043
0.00 0.01 0.05 1/134 12045
0.00 0.01 0.05 1/134 12047
0.00 0.01 0.05 1/134 12049
0.00 0.01 0.05 1/134 12051
0.00 0.01 0.05 1/134 12053
0.00 0.01 0.05 1/134 12055
0.00 0.01 0.05 1/134 12057
0.00 0.01 0.05 1/134 12059
0.00 0.01 0.05 1/138 12066
0.00 0.01 0.05 1/138 12068
0.00 0.01 0.05 1/138 12070
0.00 0.01 0.05 1/138 12072
0.00 0.01 0.05 1/138 12074
0.00 0.01 0.05 1/138 12076
0.00 0.01 0.05 1/137 12078
0.00 0.01 0.05 1/137 12080
0.00 0.01 0.05 1/137 12082
0.00 0.01 0.05 1/137 12084
0.00 0.01 0.05 1/136 12086
0.00 0.01 0.05 1/135 12088
0.00 0.01 0.05 1/135 12090
0.00 0.01 0.05 1/135 12092
0.00 0.01 0.05 1/135 12094
0.00 0.01 0.05 1/135 12096
0.00 0.01 0.05 1/135 12098
0.00 0.01 0.05 1/135 12100
0.00 0.01 0.05 1/135 12102
0.00 0.01 0.05 1/135 12104
0.00 0.01 0.05 1/134 12106
0.00 0.01 0.05 1/134 12108
0.00 0.01 0.05 1/141 12118
0.00 0.01 0.05 1/141 12120
0.00 0.01 0.05 1/141 12122
0.00 0.01 0.05 1/141 12124
0.00 0.01 0.05 1/141 12126
0.00 0.01 0.05 1/141 12128
0.00 0.01 0.05 1/140 12130
0.00 0.01 0.05 1/140 12132
0.00 0.01 0.05 1/140 12134
0.00 0.01 0.05 1/140 12136
0.00 0.01 0.05 1/138 12138
0.00 0.01 0.05 1/138 12140
0.00 0.01 0.05 1/138 12142
0.00 0.01 0.05 1/138 12144
0.00 0.01 0.05 1/138 12146
0.00 0.01 0.05 1/138 12148
0.00 0.01 0.05 1/138 12150
0.00 0.01 0.05 1/138 12152
0.00 0.01 0.05 1/138 12154
0.00 0.01 0.05 1/138 12156
0.00 0.01 0.05 1/137 12158
0.00 0.01 0.05 1/137 12160
0.00 0.01 0.05 1/137 12162
0.00 0.01 0.05 1/137 12164
0.00 0.01 0.05 1/137 12166
0.00 0.01 0.05 1/137 12168
0.00 0.01 0.05 1/137 12170
0.00 0.01 0.05 1/137 12172
0.00 0.01 0.05 1/137 12174
0.00 0.01 0.05 1/137 12176
0.00 0.01 0.05 1/137 12178
0.00 0.01 0.05 1/137 12180
0.00 0.01 0.05 1/137 12182
0.00 0.01 0.05 1/137 12184
0.00 0.01 0.05 1/137 12186
0.00 0.01 0.05 1/137 12188
0.00 0.01 0.05 1/137 12190
0.00 0.01 0.05 1/137 12192
0.00 0.01 0.05 1/137 12194
0.00 0.01 0.05 1/137 12196
0.00 0.01 0.05 1/137 12198
0.00 0.01 0.05 1/137 12200
0.00 0.01 0.05 1/137 12202
0.00 0.01 0.05 1/137 12204
0.00 0.01 0.05 1/137 12206
0.00 0.01 0.05 1/137 12208
0.00 0.01 0.05 1/137 12210
0.00 0.01 0.05 1/137 12212
0.00 0.01 0.05 1/137 12214
0.00 0.01 0.05 1/137 12216
0.00 0.01 0.05 1/137 12218
0.00 0.01 0.05 1/137 12220
0.00 0.01 0.05 1/137 12222
0.00 0.01 0.05 1/137 12224
0.00 0.01 0.05 1/137 12226
0.00 0.01 0.05 1/137 12228
0.00 0.01 0.05 1/137 12230
0.00 0.01 0.05 1/137 12232
0.00 0.01 0.05 1/137 12234
0.00 0.01 0.05 1/137 12236
0.00 0.01 0.05 1/137 12238
0.00 0.01 0.05 1/137 12240
0.00 0.01 0.05 1/137 12242
0.00 0.01 0.05 1/137 12244
0.00 0.01 0.05 1/137 12246
0.00 0.01 0.05 1/137 12248
0.00 0.01 0.05 1/137 12250
0.00 0.01 0.05 1/137 12252
0.00 0.01 0.05 1/137 12254
0.00 0.01 0.05 1/137 12256
0.00 0.01 0.05 1/137 12258
0.00 0.01 0.05 1/137 12260
0.00 0.01 0.05 1/137 12262
0.00 0.01 0.05 1/137 12264
0.00 0.01 0.05 1/137 12266
0.00 0.01 0.05 1/137 12276
0.00 0.01 0.05 1/137 12278
0.08 0.03 0.05 1/137 12280
0.06 0.03 0.05 1/137 12282
0.13 0.04 0.05 1/137 12284
0.11 0.04 0.05 1/137 12286
0.09 0.04 0.05 1/137 12288
0.08 0.04 0.05 1/137 12290
0.07 0.04 0.05 1/137 12292
0.06 0.04 0.05 1/137 12294
0.05 0.04 0.05 1/137 12296
0.04 0.04 0.05 1/137 12298
0.03 0.04 0.05 1/137 12300
0.03 0.04 0.05 1/137 12302
0.02 0.03 0.05 1/137 12304
0.02 0.03 0.05 1/137 12306
0.02 0.03 0.05 1/137 12308
0.01 0.03 0.05 1/137 12310
0.01 0.03 0.05 1/137 12312
0.01 0.03 0.05 1/137 12314
0.01 0.03 0.05 1/137 12316
0.01 0.03 0.05 1/137 12318
0.01 0.03 0.05 1/137 12320
0.01 0.03 0.05 1/137 12322
0.00 0.02 0.05 1/137 12324
0.00 0.02 0.05 1/137 12326
